000
1011101101110100
110101111111101110100
1101110111111111101110100
11011011111101110100
1111111101110111111111101110100
1111111101101110110100
11111111010111010100
111010111010100
11101101110110100
110111011011101100
111101011111011101100
11111101110111111111101110100
1111110101111111010100
111111011011111110110100
1111111010111111010100
1111111011011111110110100
111111101110111111111011101100
111111111011011111011101100
11111010111110101100
1111101101111101101100
111110111011111011101
000
11101101101011011
000
